PERMX
74.0517349243 
94.9029464722 
79.7278594971 
69.342628479 
50.2700576782 
30.9177722931 
29.9418029785 
33.5065994263 
25.6233997345 
23.0158138275 
28.631816864 
46.7888221741 
55.8797302246 
51.8486022949 
21.6028270721 
33.607711792 
23.5896759033 
8.00146198273 
8.96546077728 
7.52965784073 
10.1499795914 
20.0040397644 
17.7116260529 
8.8305683136 
21.7373847961 
24.246553421 
26.213766098 
25.4848308563 
25.4778251648 
31.920873642 
32.8430862427 
28.981294632 
52.8976135254 
40.1702919006 
35.2791481018 
33.9637413025 
50.3588562012 
80.9483032227 
64.8472518921 
65.8676376343 
75.4070968628 
78.3581390381 
83.6375961304 
80.2496566772 
68.6401443481 
90.4813308716 
82.4055099487 
68.0132598877 
40.1559295654 
28.3025875092 
25.2896747589 
26.5124855042 
38.7125205994 
49.5687789917 
50.884223938 
55.522228241 
65.2852935791 
34.0764160156 
30.289937973 
29.7010288239 
17.0420875549 
17.0353374481 
12.2129878998 
18.3558425903 
24.2871837616 
19.6159172058 
17.7587127686 
39.7792663574 
51.6044883728 
26.2087154388 
34.1066627502 
38.8316955566 
25.3143405914 
26.4609107971 
44.7084922791 
39.9929618835 
40.1421165466 
31.7925682068 
54.9238243103 
68.30078125 
51.4748878479 
59.1310577393 
63.6892738342 
77.6061477661 
98.5620117188 
76.0938491821 
52.5758857727 
64.969581604 
117.500602722 
85.4295349121 
48.3739585876 
43.7019004822 
44.8515625 
37.5033760071 
33.1759262085 
41.3661804199 
59.6015968323 
74.8771286011 
77.2198181152 
89.2396240234 
45.2303123474 
36.0579109192 
38.545879364 
37.3743972778 
35.0230140686 
34.9363555908 
24.2541732788 
20.4808082581 
28.1713104248 
30.9270191193 
35.1530570984 
59.5084609985 
40.1235618591 
38.7634277344 
39.5584487915 
20.540845871 
29.6807670593 
39.0209197998 
46.5222663879 
38.1138801575 
48.4147987366 
52.395160675 
44.1292800903 
22.4000988007 
28.5265102386 
46.9873695374 
187.790206909 
127.172035217 
72.0976867676 
61.4882850647 
94.3040313721 
83.5883712769 
90.1762313843 
89.2127761841 
70.0712356567 
61.7252922058 
45.2647438049 
65.8442382813 
64.1989364624 
72.8658676147 
142.229217529 
148.823348999 
89.5269622803 
41.7771492004 
49.6907157898 
50.5406951904 
50.3828926086 
58.9956588745 
42.0397262573 
24.6399440765 
35.0177345276 
55.8952903748 
42.7254905701 
63.6297073364 
53.010974884 
57.5199661255 
34.7518539429 
26.5107154846 
26.0188980103 
33.7810935974 
34.9035873413 
35.9428596497 
34.3233947754 
41.2744445801 
42.5987854004 
39.1710281372 
29.6527881622 
26.6074428558 
78.6131134033 
84.7628860474 
120.149124146 
66.8725280762 
57.5267715454 
59.260799408 
78.5171279907 
54.9770088196 
67.672203064 
81.082611084 
69.3711547852 
79.8341827393 
95.4820861816 
147.598098755 
274.09854126 
156.652786255 
154.688720703 
57.5447540283 
55.6369018555 
67.9589614868 
49.5759010315 
57.9587783813 
61.1395111084 
32.7424659729 
32.2598724365 
38.1493797302 
42.1665039063 
32.8747253418 
40.9377822876 
40.9501991272 
60.0809898376 
37.522064209 
50.4938201904 
37.4012985229 
28.6296653748 
28.169757843 
55.8955879211 
38.8317146301 
52.4743766785 
39.7100334167 
34.6146888733 
39.7283630371 
49.3135681152 
51.7963867188 
75.0272598267 
64.9462890625 
68.0252227783 
65.1275253296 
70.9980163574 
59.8738517761 
72.2466659546 
101.391265869 
117.546737671 
102.766723633 
82.7653503418 
127.233093262 
115.273773193 
196.406051636 
211.919937134 
137.644165039 
70.0391235352 
59.7269020081 
84.1802825928 
62.5476570129 
52.3766517639 
41.1318130493 
31.6876239777 
40.2473144531 
37.1722679138 
51.11926651 
44.1043128967 
59.2548446655 
38.4957733154 
44.4253005981 
44.7003326416 
38.7679977417 
26.4576473236 
40.9395561218 
50.3591384888 
65.5025558472 
65.2679138184 
44.7346839905 
29.1018924713 
38.4880180359 
49.4988250732 
28.9466972351 
34.9655990601 
65.2728347778 
71.6234207153 
70.9333953857 
69.1816864014 
66.0197753906 
55.518951416 
85.3643798828 
103.744636536 
88.4424209595 
119.654380798 
119.659378052 
83.7262268066 
143.282989502 
156.523269653 
125.593437195 
164.001190186 
111.556526184 
107.260421753 
69.2160644531 
68.2938537598 
46.6802444458 
51.6895637512 
37.5796203613 
28.1737327576 
37.956867218 
37.6485290527 
45.0461502075 
51.3501167297 
38.8316383362 
43.3001403809 
34.2131576538 
26.6723403931 
20.0317058563 
47.5724525452 
46.5749511719 
66.01146698 
65.7503356934 
73.1321334839 
34.3833580017 
45.5318908691 
45.0525779724 
29.7483253479 
34.6187896729 
51.2644882202 
33.3414916992 
55.2290496826 
75.2172927856 
40.5998191833 
51.8464508057 
73.87109375 
100.118682861 
100.871047974 
109.295181274 
88.7038497925 
104.603645325 
79.4017486572 
108.468597412 
109.752876282 
90.530166626 
87.5358581543 
57.3378791809 
63.7327423096 
55.5337486267 
38.5413017273 
38.066608429 
47.957698822 
25.6675109863 
27.4389724731 
39.013999939 
33.5588493347 
47.0023269653 
20.226688385 
27.51704216 
19.9631118774 
20.3035125732 
20.2882556915 
22.1911621094 
57.3144760132 
133.427062988 
109.261665344 
92.9949111938 
49.3448028564 
62.7635993958 
46.5796661377 
38.6866874695 
46.1647415161 
61.7818832397 
48.3339233398 
54.8740730286 
49.5049171448 
65.1310348511 
70.9841537476 
90.6961517334 
119.698402405 
130.171569824 
189.043777466 
188.662719727 
97.8736572266 
112.103263855 
122.377876282 
77.2623672485 
72.7844009399 
71.9340438843 
61.1014022827 
51.5109443665 
54.5821151733 
33.1505355835 
34.4606056213 
35.0319213867 
19.5145702362 
18.7223949432 
18.0910053253 
39.9420661926 
40.7851257324 
8.76738071442 
18.5096130371 
11.0933818817 
15.340845108 
18.5539855957 
34.7174224854 
78.6779327393 
125.552734375 
95.7840805054 
39.7611274719 
37.5216369629 
32.3574066162 
37.668422699 
20.2238445282 
28.239402771 
37.2607154846 
36.7240524292 
29.7651138306 
50.8851737976 
66.4705581665 
79.8858795166 
110.580162048 
156.550125122 
137.576461792 
163.436782837 
105.707099915 
154.119293213 
228.913955688 
119.77747345 
86.5373687744 
58.4330444336 
105.722068787 
84.3668823242 
57.7036132813 
70.0525817871 
34.5007019043 
42.7152519226 
46.1665420532 
17.6464176178 
13.682472229 
19.6874790192 
24.4628410339 
32.9156761169 
26.451385498 
15.5303192139 
13.9464216232 
20.2475624084 
35.0194664001 
85.8715438843 
89.4148025513 
119.658119202 
32.4406166077 
38.5891990662 
28.5012187958 
33.4802436829 
29.1435012817 
19.2853889465 
24.2120323181 
18.4889678955 
23.5038394928 
26.0175476074 
29.6846466064 
56.6455726624 
99.1833114624 
99.103263855 
270.486999512 
152.161468506 
179.085754395 
115.68258667 
165.906768799 
117.713447571 
84.1221618652 
112.250900269 
81.5029983521 
79.9480056763 
63.5799560547 
59.004234314 
95.4827270508 
61.6806182861 
51.7126464844 
33.4157409668 
23.407497406 
33.1229400635 
24.2442016602 
28.943359375 
34.8973693848 
15.4004030228 
20.566204071 
15.2539787292 
13.6557168961 
40.9973716736 
65.9259262085 
67.4225997925 
30.753868103 
40.8201751709 
35.9480857849 
28.9833831787 
17.8019294739 
24.2144432068 
17.77709198 
16.3472480774 
14.6646461487 
15.0888061523 
17.0238361359 
39.7814979553 
48.02967453 
73.3759155273 
100.520126343 
197.470108032 
188.719070435 
90.0902557373 
74.5840377808 
134.705734253 
117.263267517 
98.9546737671 
156.81086731 
128.478561401 
77.0668029785 
100.061332703 
105.719078064 
114.639480591 
74.2053985596 
46.8611717224 
33.1070518494 
24.3294048309 
27.6590156555 
28.1703643799 
24.7262172699 
28.4937667847 
20.5039234161 
34.462928772 
34.4618492126 
24.6946754456 
46.0241889954 
56.862159729 
24.698217392 
20.9335422516 
30.817697525 
20.7025775909 
16.1027107239 
11.7089290619 
14.4365415573 
17.0480861664 
13.9502573013 
15.3407964706 
9.95533370972 
19.0002536774 
42.1578941345 
63.7439689636 
59.1491127014 
88.1599884033 
110.237815857 
132.780517578 
75.4992828369 
127.68434906 
117.569633484 
133.897705078 
112.365707397 
156.515853882 
156.695510864 
104.146583557 
127.14642334 
102.367126465 
75.6475067139 
68.654083252 
39.1918983459 
24.363615036 
39.5200386047 
44.121006012 
49.4576530457 
30.0671367645 
20.6200313568 
36.2166748047 
43.5187988281 
38.4722099304 
24.9302597046 
66.1810760498 
34.4596328735 
32.2618751526 
19.2153377533 
23.4909648895 
15.254152298 
14.4571304321 
21.5791835785 
24.3704376221 
17.6372623444 
18.0928001404 
22.3813724518 
24.2580757141 
30.2573032379 
42.1386451721 
50.0561447144 
53.0270996094 
84.4603881836 
116.574226379 
64.1985244751 
80.6908721924 
71.5731735229 
94.154006958 
84.251083374 
111.505508423 
138.228149414 
148.113967896 
145.365356445 
105.700752258 
49.5489997864 
44.707698822 
51.624370575 
41.8691139221 
43.9707374573 
65.104019165 
45.7070960999 
43.8385887146 
25.9203395844 
33.9172286987 
47.704875946 
47.4418830872 
42.0054588318 
30.5652046204 
33.924571991 
39.6142654419 
23.4116764069 
13.8493309021 
9.12188148499 
11.3666582108 
21.109916687 
18.6959552765 
26.0288124084 
20.5227508545 
28.134344101 
30.5392913818 
28.5917739868 
51.6728248596 
57.548866272 
42.5097618103 
49.9193878174 
80.2229003906 
83.7809143066 
55.9944381714 
55.6747207642 
79.425201416 
83.1802444458 
131.209564209 
152.126266479 
147.588623047 
152.857177734 
117.599441528 
104.78250885 
32.8798713684 
39.7630805969 
39.7648544312 
45.7536888123 
62.5415802002 
74.9854202271 
43.9660148621 
40.6608886719 
28.2336387634 
29.120880127 
37.4989738464 
33.0613021851 
40.2090187073 
24.2108955383 
24.249174118 
23.4894313812 
19.9654464722 
16.0433712006 
16.5279502869 
18.0344409943 
17.1743354797 
20.468372345 
25.4837379456 
28.4544487 
44.2491073608 
33.1695365906 
40.8327636719 
64.9131546021 
51.6140174866 
39.1951179504 
41.7294578552 
54.8744735718 
51.3560791016 
66.7562103271 
62.7647438049 
69.5523223877 
138.007095337 
246.87689209 
199.42288208 
119.878120422 
129.572647095 
69.9680633545 
66.7993240356 
30.845746994 
47.699005127 
56.3176383972 
72.7356567383 
83.7652206421 
80.9157943726 
57.0142097473 
69.7205581665 
38.7882804871 
47.0052261353 
73.7152175903 
33.7578887939 
7.57377910614 
16.5595722198 
19.5777435303 
31.7368049622 
13.9930124283 
16.0583744049 
12.1651144028 
11.7275876999 
20.6203746796 
26.5455245972 
23.8684501648 
32.6720657349 
40.1814155579 
40.62084198 
45.0447616577 
81.0448226929 
69.7211151123 
51.8464508057 
31.6258735657 
46.4481811523 
71.6273040771 
87.5450286865 
73.1336898804 
95.2175979614 
116.402404785 
167.912826538 
152.143936157 
94.7621307373 
109.301307678 
116.222137451 
55.4765090942 
83.4167327881 
61.0225753784 
79.8872451782 
95.371383667 
75.4177703857 
90.5029525757 
62.2563667297 
48.2205352783 
55.8883628845 
65.9027862549 
58.3533973694 
10.1139125824 
7.86390066147 
24.4529781342 
20.3996810913 
23.8749752045 
17.8018951416 
13.9184598923 
13.0168657303 
11.1971559525 
37.6585426331 
28.3838157654 
29.5353507996 
33.1447639465 
43.3431625366 
49.6118011475 
90.981552124 
70.9508209229 
47.0013999939 
57.4720802307 
46.2476234436 
72.6733779907 
59.4083404541 
69.8707580566 
90.0685958862 
86.806098938 
118.264663696 
104.643287659 
79.1103515625 
79.6595153809 
123.706756592 
89.3703460693 
73.948638916 
90.1265563965 
72.2534103394 
74.7345275879 
94.2966537476 
102.671615601 
65.8290939331 
49.0700454712 
37.5810089111 
37.0676994324 
34.331703186 
7.94675683975 
8.06937789917 
14.2879247665 
26.5677604675 
23.6512680054 
21.0484981537 
15.4320402145 
15.3405885696 
19.6419048309 
29.7428970337 
43.9639930725 
23.5999889374 
20.3841590881 
29.9997844696 
33.9520454407 
63.5632247925 
71.8175506592 
79.8157043457 
51.27318573 
52.950340271 
38.1316642761 
35.2724838257 
89.4926605225 
95.472984314 
72.6916122437 
104.274261475 
104.306411743 
119.73210907 
82.1058883667 
90.138130188 
149.073806763 
156.560394287 
159.392425537 
73.5766601563 
84.2274246216 
86.3386154175 
89.2528762817 
95.1253890991 
49.0055084229 
41.3107528687 
53.0725708008 
30.0544242859 
13.9485530853 
7.59795856476 
5.12388896942 
18.3708095551 
25.2476272583 
22.9964370728 
18.4680175781 
13.0690374374 
18.1045684814 
23.7046985626 
23.8121471405 
27.0908889771 
24.2345027924 
19.7539653778 
27.6019153595 
42.4821586609 
51.291053772 
77.825378418 
71.4959640503 
50.4947967529 
55.8887863159 
82.3444290161 
78.3812179565 
172.908569336 
61.6615180969 
65.144744873 
63.6741523743 
91.8421859741 
63.5999794006 
83.4089736938 
73.6087875366 
151.874938965 
168.124282837 
214.676086426 
148.45300293 
89.4626159668 
82.544921875 
96.4105834961 
61.6362190247 
28.8159713745 
37.1821594238 
41.8957672119 
13.9427423477 
17.2224559784 
12.9671382904 
9.38120746613 
15.0466184616 
13.9544773102 
14.07817173 
14.0046463013 
13.9847564697 
17.0482406616 
20.3188095093 
20.5299549103 
26.1720924377 
26.4273605347 
24.9919986725 
34.8085975647 
30.8186969757 
53.5811576843 
69.2254638672 
72.8983764648 
62.7121276855 
107.066230774 
102.444961548 
147.33807373 
137.505722046 
73.2751541138 
58.9838676453 
62.3787231445 
105.067672729 
119.779129028 
83.747177124 
95.4791259766 
146.805435181 
254.261459351 
217.17729187 
144.78868103 
119.781303406 
118.261543274 
82.8425674438 
34.3373336792 
19.6324367523 
24.6588535309 
26.5665073395 
20.4186058044 
23.2064266205 
13.5877933502 
10.0293540955 
12.5880565643 
9.09548282623 
11.9278497696 
8.79158592224 
10.5822286606 
12.9698934555 
12.0546541214 
17.0535640717 
23.8811302185 
26.5771274567 
27.0643043518 
32.2873039246 
34.5865631104 
85.7189941406 
85.8913421631 
96.3186187744 
99.1786346436 
69.8325042725 
104.594863892 
96.4574737549 
83.9770278931 
49.0744743347 
77.8342819214 
72.0056762695 
105.070228577 
279.793518066 
159.7837677 
99.5990371704 
144.481307983 
201.66619873 
188.71685791 
181.662246704 
96.2985916138 
83.4745941162 
55.5128746033 
44.0655632019 
34.7357254028 
32.8510475159 
42.114490509 
30.3882923126 
20.2737579346 
17.7659454346 
8.11804008484 
5.38610887527 
6.30786705017 
12.0088071823 
8.53524303436 
9.66784667969 
10.4722909927 
14.4320669174 
24.2255001068 
19.6254558563 
19.9883213043 
18.8559913635 
26.2120285034 
47.6889762878 
61.6716842651 
81.2970046997 
64.9915924072 
63.5920753479 
86.845664978 
50.8486061096 
65.4622650146 
59.4401626587 
54.7722473145 
48.4098739624 
73.2087173462 
290.532165527 
243.70690918 
236.710205078 
127.813369751 
231.211669922 
219.371170044 
228.358978271 
148.579956055 
75.4199752808 
84.5606842041 
44.6033210754 
47.568687439 
26.4528770447 
17.3843040466 
24.9222126007 
28.1674308777 
15.5506973267 
11.3321018219 
6.79655075073 
7.17776966095 
6.86260843277 
10.3300428391 
6.73069238663 
10.0830459595 
9.37353992462 
12.2120723724 
32.2682151794 
18.8376998901 
9.55776119232 
18.0347309113 
18.844953537 
27.1053752899 
38.4317436218 
86.5525894165 
75.6628417969 
73.7313232422 
68.5816268921 
62.7269744873 
52.815120697 
55.9016838074 
46.6091651917 
52.9585189819 
83.7772140503 
217.650817871 
204.332382202 
244.249511719 
156.761383057 
187.670349121 
268.657531738 
194.427749634 
102.022987366 
100.847457886 
86.0407714844 
65.1352844238 
29.7399139404 
25.4858093262 
18.0206184387 
14.7084970474 
23.2057723999 
17.6458816528 
9.07315349579 
7.53001594543 
8.42993450165 
8.58783340454 
7.15285968781 
8.14382457733 
9.69835090637 
8.92417049408 
10.9015216827 
19.6985149384 
18.7165470123 
18.0337295532 
16.9038619995 
24.2854251862 
31.6583518982 
40.9392547607 
69.7897491455 
51.6127471924 
44.6608963013 
70.0882949829 
57.863861084 
38.4105262756 
37.9596595764 
35.4759101868 
49.6824836731 
68.6801223755 
115.607429504 
140.684661865 
296.549194336 
217.068969727 
209.891418457 
300.862945557 
363.514648438 
148.261825562 
118.461166382 
85.108291626 
26.0499954224 
17.9410629272 
17.7603759766 
23.4989299774 
27.115020752 
25.2720031738 
16.9423904419 
7.25922441483 
6.9871134758 
5.37882852554 
6.47343540192 
5.38801908493 
6.69136571884 
6.50823068619 
6.68366241455 
11.6503067017 
13.6741094589 
16.8218231201 
20.1102733612 
17.7702388763 
20.4867610931 
33.1571540833 
28.9265861511 
68.5211791992 
62.6350517273 
68.0398254395 
80.631401062 
52.0898704529 
23.151632309 
38.1969680786 
43.4472045898 
40.1435394287 
92.7072753906 
99.2014923096 
145.401550293 
236.362792969 
203.022506714 
196.534072876 
292.357910156 
228.304763794 
185.095016479 
109.674346924 
28.5619525909 
29.6801700592 
24.3100986481 
26.5490074158 
20.2696285248 
27.6796855927 
19.6872787476 
13.6948461533 
10.7717819214 
6.70213842392 
3.69752979279 
3.36813378334 
3.59483003616 
5.65883398056 
7.59649181366 
5.14601135254 
9.0026102066 
19.7976913452 
39.6617507935 
25.3716621399 
16.0532798767 
20.2312068939 
25.4415855408 
28.5133361816 
50.3518600464 
44.6911087036 
54.8882713318 
53.0189628601 
33.4654388428 
32.9081573486 
52.3123321533 
52.8184089661 
86.4125747681 
126.564979553 
82.7656021118 
116.311721802 
217.150650024 
232.943908691 
165.925094604 
257.76940918 
213.862304688 
130.117523193 
20.8710269928 
26.4860305786 
44.0851478577 
40.8130874634 
30.8863391876 
16.6855583191 
19.2038040161 
15.1548299789 
8.96245193481 
7.08407878876 
3.9185898304 
3.07439494133 
1.42626714706 
2.68857884407 
6.6030087471 
5.55314493179 
6.50089406967 
8.88297748566 
19.8228816986 
20.3299331665 
28.9663505554 
21.8127346039 
29.9289779663 
21.5764732361 
30.9113349915 
35.5378875732 
42.8405609131 
33.9378662109 
28.6421985626 
20.3617286682 
44.1263008118 
64.9555282593 
42.7574577332 
98.3720779419 
130.073486328 
72.4658508301 
68.2502746582 
124.230209351 
127.183311462 
104.585746765 
200.168777466 
118.670578003 
23.5550041199 
30.0610980988 
49.9531326294 
62.708442688 
60.9721221924 
34.4443092346 
30.0999507904 
27.9469623566 
10.0999679565 
6.68118572235 
5.83162975311 
2.54352045059 
2.22205090523 
2.96470355988 
4.88724279404 
6.64320135117 
5.55147171021 
5.10574007034 
7.24795198441 
18.830373764 
20.2594985962 
29.7658500671 
17.2181816101 
20.2298870087 
23.477930069 
25.4836711884 
28.2817955017 
26.6604003906 
26.4711017609 
38.8316917419 
24.3237037659 
44.7103042603 
53.074432373 
58.4731941223 
69.7249145508 
85.3712081909 
86.3231964111 
51.3252410889 
58.1235580444 
75.4216842651 
91.2939758301 
127.414329529 
18.2049751282 
20.1361198425 
44.7160224915 
28.4865913391 
39.941028595 
46.180480957 
45.6940727234 
29.680393219 
19.0317420959 
13.6672286987 
7.52940797806 
6.49894475937 
5.12184000015 
2.43622303009 
2.98632955551 
3.01597905159 
3.04573917389 
7.5259604454 
5.55340194702 
7.55180501938 
11.2271614075 
15.0181875229 
16.5302295685 
15.3171606064 
16.955619812 
18.0727748871 
17.3836040497 
27.6300258636 
27.0936641693 
32.2616958618 
29.686044693 
22.2082080841 
30.0331840515 
44.6391181946 
63.5559463501 
75.2765808105 
89.728187561 
65.0693817139 
83.7386932373 
75.0165863037 
66.0719451904 
66.7580718994 
23.4132671356 
27.9918651581 
29.0853366852 
23.8613166809 
24.8086872101 
35.271900177 
40.5809135437 
63.6817321777 
43.9659538269 
16.0460929871 
14.4315719604 
8.15087413788 
7.58656311035 
5.09518718719 
2.73113250732 
3.24245285988 
4.09454441071 
4.08027076721 
5.12332868576 
6.4960565567 
6.78843975067 
9.22923183441 
9.07267665863 
14.8198223114 
15.8800287247 
23.616765976 
35.0947875977 
33.7867279053 
67.7784347534 
37.9538116455 
31.6551094055 
30.2338695526 
29.0344848633 
39.0141067505 
57.6682662964 
56.6066589355 
116.198898315 
119.675880432 
65.9725418091 
73.1541442871 
83.0127410889 
59.1285209656 
24.0714912415 
37.5175361633 
20.4762630463 
25.4437389374 
39.81224823 
18.8363399506 
28.2997970581 
38.4167289734 
36.851764679 
23.5366039276 
16.2663650513 
9.10354804993 
7.80429458618 
7.33722877502 
6.67027330399 
3.75413012505 
4.57385444641 
3.62377071381 
4.17471027374 
5.60871267319 
5.50146818161 
5.87116575241 
5.57246351242 
10.1804275513 
13.6951560974 
19.6924419403 
17.3802528381 
32.2673339844 
48.9126815796 
29.7553520203 
40.8127784729 
50.0974769592 
51.9484062195 
49.5475769043 
58.9091300964 
72.3414230347 
65.8561401367 
81.3566131592 
77.7450408936 
58.9412498474 
66.0074386597 
102.378799438 
19.6294651031 
14.6422462463 
24.3999137878 
33.018497467 
40.3089103699 
19.3421630859 
17.7647342682 
32.1499786377 
42.5537147522 
34.0913391113 
23.886505127 
17.2815647125 
10.260933876 
7.10649347305 
8.81826400757 
8.9284954071 
8.09058475494 
7.1822552681 
6.07150030136 
5.76019191742 
6.50201320648 
6.77961444855 
5.47661828995 
6.69755506516 
10.9153013229 
11.2773008347 
7.5770149231 
18.8248004913 
30.7087745667 
33.5096549988 
32.7201461792 
28.2507991791 
42.8150253296 
37.5723571777 
34.3291320801 
46.4561309814 
75.412902832 
71.0427322388 
72.8237304688 
53.0218772888 
84.2844161987 
78.7042770386 
9.84770774841 
12.17735672 
18.1249084473 
34.8825950623 
42.8130836487 
29.7649250031 
23.2013778687 
28.1670207977 
33.1504249573 
32.9073867798 
33.3054428101 
23.4317626953 
15.3824872971 
7.95109319687 
14.895236969 
8.10827541351 
7.23418474197 
7.15187072754 
5.57087373734 
6.50783872604 
6.18699932098 
4.83051872253 
4.98393011093 
4.60664606094 
7.5685915947 
10.2726583481 
6.50069284439 
9.70757865906 
20.7344150543 
30.9808502197 
32.4144477844 
30.0075435638 
31.7350883484 
33.8119277954 
35.3123893738 
37.6149520874 
74.2223968506 
51.7184486389 
47.6587524414 
58.0076065063 
67.7077636719 
60.0445823669 
11.1237449646 
7.05120944977 
11.9986400604 
27.4958896637 
30.0625953674 
18.9255714417 
14.7227544785 
13.7722644806 
13.7746915817 
16.9427909851 
24.7773590088 
15.3813819885 
12.1871967316 
9.57069683075 
10.2645177841 
10.8077402115 
9.82384681702 
10.2259540558 
5.55308914185 
6.68805599213 
5.71309804916 
5.62149190903 
5.55315732956 
6.50045967102 
8.33158874512 
7.17111825943 
7.00602436066 
7.46011161804 
13.7889909744 
11.997710228 
17.7555084229 
25.4741210938 
25.4719009399 
42.639125824 
48.3061981201 
39.786945343 
48.4905853271 
48.8614463806 
56.6438217163 
55.8935775757 
32.8552474976 
38.349105835 
6.68333292007 
6.67061185837 
7.45576906204 
11.5699567795 
24.9526882172 
32.2678604126 
25.9324913025 
15.4987325668 
8.92401695251 
9.26971912384 
13.3463544846 
19.1555156708 
11.9993333817 
7.43588924408 
14.2035446167 
12.2387504578 
11.8441095352 
9.09594726563 
7.05557966232 
6.50077199936 
7.02881813049 
9.02620124817 
7.21147298813 
9.39312171936 
8.32240009308 
6.79615736008 
11.4349040985 
7.07378721237 
9.9707660675 
7.51288843155 
11.7298326492 
10.4630784988 
23.4514217377 
23.7653121948 
41.1764945984 
42.1253089905 
65.6417541504 
51.7381439209 
86.2903366089 
125.137886047 
68.8120498657 
44.1212806702 
6.96152067184 
6.50075149536 
8.91506290436 
9.45870399475 
11.25157547 
13.8186864853 
18.7400798798 
23.9454460144 
14.1660442352 
13.9416866302 
15.5291061401 
17.7224178314 
12.1400728226 
10.1688518524 
8.27596569061 
10.8969049454 
9.95276546478 
8.92425918579 
7.52953386307 
6.88164615631 
5.55362510681 
5.40678358078 
7.08797025681 
6.77969026566 
9.2697019577 
10.2520551682 
11.3531999588 
7.13809633255 
5.55187654495 
8.7134475708 
7.39064836502 
13.3085107803 
19.0312023163 
20.6599807739 
24.2520046234 
38.0336074829 
56.6465797424 
26.4870872498 
44.0790023804 
75.4088363647 
51.2927055359 
57.0312576294 
11.1014108658 
8.9996509552 
11.7316293716 
10.0469799042 
15.0378084183 
10.9266023636 
14.8361148834 
14.1232481003 
19.7460918427 
16.5576076508 
11.7399129868 
16.2681255341 
11.7393903732 
13.7633399963 
9.94857883453 
8.92431640625 
10.3440933228 
7.53005933762 
7.53002166748 
6.50713586807 
5.11534500122 
6.05327272415 
5.38300609589 
6.75020933151 
7.59185123444 
10.2568511963 
13.0089435577 
8.16219234467 
7.75837230682 
6.51005363464 
7.53044652939 
8.14916133881 
13.7700748444 
19.2767372131 
25.3287296295 
29.3497467041 
59.1904411316 
35.0783576965 
28.6423587799 
34.03515625 
43.1056976318 
39.0181045532 
10.1635370255 
12.8763885498 
12.9709396362 
16.7218074799 
11.1053190231 
7.20806503296 
11.2616739273 
11.2204208374 
13.0530834198 
17.0305328369 
19.7935581207 
14.0451917648 
15.6830205917 
15.3975763321 
8.01344680786 
6.24698638916 
5.60677051544 
8.92420578003 
7.87894535065 
5.55366706848 
4.1935095787 
4.86995315552 
6.65794944763 
5.54482126236 
7.55528116226 
5.13719987869 
9.0510263443 
12.1171045303 
6.50570583344 
9.10214138031 
9.44273090363 
9.05335235596 
9.05592536926 
9.36269664764 
34.0588989258 
50.302772522 
48.362033844 
52.9808959961 
37.6697616577 
26.5252552032 
33.1712341309 
32.9335670471 
12.1613264084 
25.0867481232 
23.4100570679 
21.5815601349 
27.9896202087 
16.8415565491 
9.38435077667 
11.0894680023 
10.3784885406 
16.5654163361 
32.8188934326 
18.5108604431 
20.6733703613 
17.7985286713 
10.0351753235 
9.83448791504 
3.70687675476 
6.50068950653 
4.14885139465 
6.50080394745 
6.20628452301 
6.77821397781 
6.85627365112 
9.07046890259 
7.53003787994 
8.85837364197 
8.92446613312 
6.61924171448 
6.76624584198 
7.5125746727 
8.75265407562 
13.9982614517 
11.3552265167 
11.3525018692 
13.2201652527 
23.2056312561 
22.0870780945 
26.5684165955 
37.9573936462 
23.0068588257 
37.5658531189 
40.9359016418 
8.00419902802 
15.8360090256 
26.6674537659 
14.7224721909 
18.5351200104 
15.5575246811 
19.2139053345 
20.3542537689 
11.2097244263 
15.4002456665 
29.9378414154 
42.5188484192 
18.1298980713 
14.8421649933 
16.5335521698 
17.0501861572 
6.50149774551 
5.54530191422 
4.88906955719 
3.7416446209 
3.50038981438 
5.60977554321 
5.5452003479 
6.68403100967 
6.76836872101 
6.78876399994 
7.12576913834 
5.55676698685 
8.15116405487 
6.86513805389 
7.54584503174 
8.27299594879 
8.94801998138 
9.56185913086 
14.6398839951 
19.7067012787 
15.3849840164 
18.0340690613 
26.7144412994 
24.2523841858 
29.9863910675 
20.2379150391 
11.9998540878 
16.2987194061 
13.4135961533 
29.7007923126 
18.0262908936 
17.3510951996 
16.2875061035 
14.6984786987 
14.0176935196 
19.1491374969 
24.3210163116 
29.9640750885 
37.5808906555 
20.4456615448 
26.5129871368 
18.0582618713 
22.8966770172 
8.01527023315 
6.69952344894 
7.5717458725 
4.89464759827 
4.99862098694 
6.78242206573 
6.41448736191 
3.93390655518 
5.1063117981 
3.73613977432 
5.63469457626 
3.82078623772 
5.55289649963 
5.26872634888 
9.56586933136 
6.89301681519 
8.92398262024 
10.6739387512 
14.0875091553 
18.4932193756 
34.4625968933 
20.4356880188 
26.01927948 
18.211894989 
23.1650943756 
/